Y	D	X1	X2
36.3602475726174	0	2.655086631421	5.30808792915195
68.8288105549394	1	3.7212389963679	6.84860904002562
59.1264143223015	1	5.72853363351896	3.83283393690363
184.203616585272	1	9.08207789994776	9.54987998353317
15.4125382163101	1	2.01681931037456	1.18356580613181
79.200635185631	0	8.98389684967697	0.391000553499907
124.747184813068	1	9.44675268605351	5.04505032906309
85.8192954283772	1	6.60797792486846	5.78482555225492
117.898486953033	1	6.2911404389888	8.39303907938302
44.2097313381035	0	0.617862704675645	6.54444975312799
92.9150582927162	0	2.05974574899301	9.44528339896351
29.0802058912054	0	1.76556752528995	5.11657629627734
58.3384214080853	1	6.87022846657783	0.849210591986775
123.394951742252	1	3.84103718213737	9.94770509423688
86.2068684661954	1	7.69841419998556	4.01444119866937
104.814135503143	0	4.97699242085218	8.95646296674386
137.760594841663	1	7.17618508264422	8.76858412055299
105.844066377437	0	9.91906094830483	2.96484797960147
26.3440921561343	1	3.80035179434344	1.32591909728944
69.5490719053079	0	7.77445221319795	2.65910907648504
87.0441777869495	0	9.34705231105909	0.0572754279710352
80.8377548639795	1	2.12142521282658	8.19601821480319
54.8027873347969	1	6.51673766085878	1.74661678960547
73.4181360190515	0	1.25555095961317	8.4308055206202
10.2147919930482	0	2.67220668727532	1.6671216674149
82.8170659962235	1	3.86114092543721	7.6401943503879
36.5211035547608	1	0.133903331588954	5.18938087392598
30.3546872232798	1	3.82387957070023	2.72685303352773
96.3735585969364	1	8.6969084572047	3.43203135766089
61.8244075751946	0	3.4034899668768	7.05075340112671
67.4862046500975	1	4.82080115471035	5.91535301180556
67.4931145018387	1	5.99565825425088	4.69379037618637
45.3201848080106	1	4.93541307048872	3.36376605555415
96.9084872055074	0	1.86217601411045	9.67837428674102
121.785449821603	1	8.27373318606988	6.45841883728281
59.7844043172308	1	6.68466738192365	1.96301169227809
87.8480683461519	1	7.9423986072652	3.57180385151878
35.6295183832728	1	1.07943625887856	5.13018082128838
139.88136333592	1	7.23710946040228	8.82996740518138
19.2390352675314	0	4.11274429643527	1.52667565271258
82.4026990504647	1	8.20946294115856	2.30461597442627
44.80343576172	0	6.47060193819925	1.62988578435034
108.391828340049	1	7.8293276228942	6.14346859045327
63.8799240399661	1	5.53036311641335	5.01636443892494
40.3921583905275	1	5.29719580197707	1.88118888065219
90.8287242112193	1	7.89356231689453	4.07714852597564
34.7140999889042	0	0.23331202333793	5.82388046896085
32.4661436222991	0	4.77230065036565	3.08929065009579
87.6284364018354	1	7.323137386702	4.80965640163049
146.936539454319	1	6.92731556482613	9.39394792309031
23.0660223072417	0	4.77619622135535	0.460405482444912
111.185724580504	1	8.612094768323	5.34861729713157
48.1777731358122	1	4.38097107224166	4.4266078225337
97.8291259922189	1	2.44797277031466	9.06365469563752
78.9250824045197	0	0.706790471449494	8.81042381748557
13.3976373000591	1	0.994661601725966	1.63241116330028
74.4990194384149	1	3.1627170718275	7.52190765691921
42.5107603205737	0	5.18634263193235	4.02987202163786
85.4554834096338	1	6.62005076417699	5.56952693499625
16.7994179441505	0	4.06830187188461	0.801692819222808
95.9970338046512	1	9.12875924259424	1.16568592377007
103.883893007927	1	2.93603372760117	9.25192561233416
107.926314144848	1	4.59065726259723	8.78844240680337
12.9379785713486	0	3.32394674187526	1.63207626901567
79.6608993785821	1	6.5087046707049	5.31563901342452
103.357729848045	1	2.58016780717298	9.29792168317363
42.330766954083	1	4.78545248275623	3.25715993763879
71.8042890096924	1	7.66310670645908	1.60794630879536
90.0897991656044	0	0.842469143681228	9.49707917869091
108.770881060544	1	8.75321330036968	4.62357048643753
17.2265434092258	0	3.39072937844321	2.20770887332037
69.646454755517	0	8.39440350187942	0.0201923260465264
59.9291742251545	1	3.4668348915875	6.19192603277043
27.5966204140022	0	3.33774930797517	4.0250592213124
113.038329347914	1	4.76351245073602	9.00032610632479
116.79602934791	1	8.92198335845023	5.05881984485313
137.422947890904	1	8.64339470630512	7.26487081032246
13.4391263799166	0	3.89989543473348	0.27486614882946
75.3739226976551	0	7.77320698834956	3.79413213115185
118.65152519969	1	9.60617997217923	3.86744662187994
31.077257317832	0	4.34659484773874	3.37820725282654
71.3707295710266	1	7.12514678714797	3.64431851310655
67.4096488690944	1	3.99994368897751	6.38755969703197
10.9179561425338	0	3.25352151878178	0.329143274575472
116.283898484952	1	7.57087148027495	6.9619258842431
69.9999446704436	0	2.02692255144939	8.15564174670726
86.222662621688	1	7.11121222469956	5.07422853494063
2.34282826220426	0	1.21691921027377	1.12592625897378
97.9228940917711	1	2.45488513959572	9.06323301140219
19.3031626909699	0	1.4330437942408	4.13338953163475
29.9682047825353	0	2.39629415096715	4.73755787825212
51.9973331270241	0	0.589343772735447	7.13714180048555
46.7658977964857	0	6.42288258532062	2.41871210513636
95.4781810161388	1	8.76269212691113	2.99640627577901
119.999502401087	1	7.78914677444845	7.04478821484372
132.479738427408	1	7.9730882588774	7.71674948045984
32.4894862105583	1	4.55274453619495	0.138403405435383
55.3422023686708	1	4.10084082046524	5.51313953474164
118.352800060636	1	8.10870242770761	6.52461190475151
132.1844819295	1	6.04933290276676	9.31660708039999
99.1893619041587	1	6.54723928077146	6.90391705138609
28.8689001497806	1	3.53197271935642	2.53767139045522
25.689216228996	0	2.70260145887733	4.11038370104507
99.804139995213	0	9.9268406117335	1.22891113162041
52.0561358133454	1	6.33493264438584	1.3196655572392
54.8679445020736	1	2.13208135217428	6.40118008246645
12.6805154152687	0	1.29372348077595	3.46423432230949
50.4975089534131	1	4.78118034312502	4.22756604617462
182.748842275324	1	9.24074469832703	9.39408880425617
59.2310934319277	1	5.9876096714288	3.83889230899513
100.589869305594	0	9.76170694921166	2.28585131000727
112.868589580581	1	7.31792511884123	6.9027868588455
13.0701069374462	0	3.56726912083104	0.0985791743732989
76.2520433102514	1	4.31473690550774	6.86130894348025
63.4686273649954	0	1.48211560677737	7.91674596024677
26.4491202986549	0	0.130775754805654	5.07493488723412
71.7863755663319	1	7.15566066093743	3.08076248969883
54.9471639341206	0	1.03184235747904	7.37212277250364
29.0972578723542	0	4.46284348610789	3.04715243401006
111.042372743848	1	6.40101045137271	7.74708701763302
108.922035132486	1	9.91838620044291	1.12113637849689
97.8460922125088	1	4.95593577856198	7.97743699979037
59.9626941498842	1	4.84349524369463	4.91001167334616
82.9345028800975	1	1.73442334868014	8.32918174797669
125.744819917078	1	7.54820944508538	7.58423154940829
112.038423389097	1	4.53895489219576	9.02146560838446
43.4267900561909	1	5.11169783771038	2.78440013062209
34.82959844412	1	2.07545113284141	4.45692849811167
11.9535413526883	0	2.28658142732456	2.72015735739842
57.8410729637914	1	5.95711996313184	3.29918325645849
117.406652199029	1	5.7487219828181	8.63600653829053
0.838750797820809	0	0.770643802825361	1.09857953386381
15.4351950826221	0	0.355405795853585	4.02256899746135
67.3944110931636	1	6.42795492196456	4.06075093662366
105.463838058284	0	9.28615199634805	4.36479254858568
48.8253682093751	1	5.98092422354966	1.77000096300617
37.3236852262579	0	5.60900748008862	2.65730200102553
80.884267610279	1	5.26027723914012	6.59550013486296
172.734894939266	1	9.85095223877579	8.16055504838005
42.8253498040407	0	5.07641822332516	4.21184344682842
58.5136992557218	1	6.82788078673184	1.60064304247499
44.9042677532892	0	6.01541217649356	2.88610127288848
82.7308420416139	1	2.38868677755818	8.02129008341581
19.640875705272	1	2.58165926672518	1.64245681837201
126.191578735946	1	7.29309623362496	7.89792735129595
56.8107367133586	1	4.52570831403136	5.24214969947934
12.4051853397048	0	1.75126768415794	3.20035002660006
73.8502020275508	1	7.46698269620538	2.75177087867633
66.2203502533455	0	1.04987640399486	8.018980382476
75.2616558376117	0	8.64544949028641	1.04024431202561
117.624105985649	1	6.14644971676171	8.38122266577557
31.528030775345	0	5.57159538846463	0.792628736235201
72.135622492712	1	3.28777319053188	7.17564067104831
106.374439138615	1	4.53131445450708	8.64617826649919
120.563817843442	0	5.00440972624347	9.7855820809491
19.17847519366	1	1.80866361130029	2.49126207549125
38.0627443211399	1	5.29630602803081	0.248606903478503
5.40607335410778	0	0.752757457084954	2.2297823196277
9.17017329108882	0	2.77755932649598	1.22025499586016
18.7427235785356	0	2.12699519237503	3.85239424882457
8.11236123665509	0	2.84790480975062	0.843304744921625
97.7397109909689	1	8.95094102947041	2.8258189978078
61.7960839411514	1	4.462353233248	5.66582458792254
84.1309990613376	1	7.79984889784828	3.28542302362621
176.708610045653	1	8.80619034869596	9.43474682746455
39.8251519669545	1	4.13124209502712	3.77303513931111
92.051124219876	0	0.638084805104882	9.53315612394363
28.4338780190666	1	3.35487491684034	2.73252867627889
111.029571385545	1	7.23725946620107	6.87330156099051
12.8357641334616	0	3.37615333497524	1.36991804465652
116.993113806782	1	6.30414122482762	8.10210771625862
138.802647346199	1	8.40614554006606	7.62604692019522
102.325707383209	1	8.56131664710119	4.42404833855107
48.1501703442944	1	3.9135928102769	4.56675694556907
61.7675643200126	0	3.80493885604665	6.80455088848248
91.1606523411509	1	8.95445425994694	0.743979089893401
92.3508872826068	1	6.44315762910992	6.46629075054079
128.50915841374	1	7.41078648716211	7.89914111606777
52.0672120854465	1	6.05303446529433	2.23316506715491
81.584059332835	0	9.03081611497328	0.409439904615283
33.0455124772781	1	2.93730155099183	3.84648363338783
26.3866840618035	1	1.9126010988839	3.44092153944075
107.439022315872	1	8.86450943304226	4.46368692209944
49.5217826945996	1	5.03339485730976	3.8683316949755
171.661635387284	1	8.77057543024421	9.18317915406078
8.71382258148121	0	1.89193622441962	1.74017543438822
68.0031391777004	1	7.58103052387014	1.49870562367141
100.283448665377	1	7.24498892668635	6.13199228886515
91.1651701624068	0	9.43724818294868	0.17243331996724
39.7869093760289	1	5.47646587016061	0.661104843020439
122.629397764726	1	7.11743867723271	7.78839041478932
113.671496570885	1	3.88905099825934	9.35656127054244
4.28914693358937	0	1.00873126182705	2.07204139558598
136.444781283476	1	9.27302088588476	6.4334315690212
29.3136366535561	1	2.83232500310987	3.31379575189203
137.744028949039	1	5.9057315881364	9.55421590944752
68.0132733890312	0	1.10360604943708	8.17189157009125
135.847226752028	1	8.40507032116875	7.40276143187657
13.4318779400544	0	3.17963684443384	2.22705976804718
60.8532953963796	0	7.82851336989552	0.457247165031731
19.0332016855431	0	2.67508207354695	3.66526579251513
70.5562108939147	1	2.18645284883678	7.41393025033176
123.139666595472	1	5.16796836396679	9.33506249915808
59.8650205755316	1	2.68950592027977	6.73209949862212
61.9053284645241	1	1.81168327340856	7.0135710737668
110.038203074127	1	5.18576137488708	8.47625407855958
91.3478938755278	1	5.62782935798168	7.06156654981896
84.7851777655466	1	1.29156854469329	8.5880775959231
34.3969522037326	1	2.56367604015395	4.4564449111931
106.722224935762	1	7.17935275984928	6.76634992007166
103.256662202184	1	9.61409936426207	1.27824782626703
64.5908926628999	1	1.00140846567228	7.36171535216272
58.8990901093388	0	7.63222689507529	0.672451483551413
107.514591841888	1	9.47966354666278	2.808000696823
95.2217139534569	1	8.18634688388556	4.11617683712393
106.945690550961	1	3.08292330708355	9.43424997152761
146.221718743904	1	6.49579460499808	9.7734253318049
90.7485626172271	0	9.53355451114476	0.388665851205587
135.47388403373	1	9.53732650028542	5.87727777194232
11.9443815856129	0	3.39979203417897	0.300116771832108
38.3263507472211	0	2.62474110117182	5.65281208371744
5.45959231248423	0	1.65453933179379	0.982272308319807
50.2676003086983	0	3.22168056620285	6.30290788598359
104.281383277049	1	5.10125206550583	8.18501834524795
107.932703309118	1	9.23968471353874	3.50041663041338
37.4846421592077	1	5.10959698352963	1.33983674924821
17.2544115238284	1	2.57621260825545	0.80943378387019
12.4437345799647	0	0.464608869515359	3.50443314295262
126.610474458562	1	4.1785625834018	9.96271784650162
101.264838808012	0	8.54001502273604	5.32968810759485
23.0433474857023	0	3.47230677725747	3.35897380486131
12.3363798148287	0	1.31442320533097	3.14234643476084
36.6374731330088	1	3.74486864544451	3.82622060365975
39.3652463311756	0	6.31420228397474	0.18546407809481
14.2669453451141	0	3.90078933676705	0.365391168743372
134.563536132325	1	6.89627848798409	8.78513294039294
74.3586464428386	1	6.89413412474096	4.02064023772255
62.2754912409796	1	5.54900623159483	4.69381074188277
34.3538551101883	0	4.29624407785013	4.02336510131136
68.1364864554779	0	4.52720062807202	7.02090102480724
34.9390055625002	1	3.06443258887157	3.99164465256035
69.4879195319256	1	5.78353944001719	5.01958322711289
81.5523432235493	0	9.10370304249227	0.369737506844103
9.92773998451389	0	1.42604082124308	2.97975734807551
120.03372959408	1	4.15047625312582	9.62841981789097
102.810345028514	1	2.10925750667229	9.35096904635429
122.213446139703	1	4.28750370861962	9.61099177366123
74.1845615454905	1	1.32689975202084	7.92595364153385
87.6546512037025	1	4.60096445865929	7.54777192836627
88.0633340838182	0	9.42957059247419	0.65966630121693
59.9618375117874	0	7.61973861604929	1.35504779173061
97.8067747921531	1	9.32909828843549	1.23599375598133
89.6518715318611	1	4.70678497571498	7.62543860822916
127.80264108001	1	6.03588067693636	9.03465715935454
38.8649099764343	0	4.84989680582657	4.02659090235829
4.01367659785338	0	1.0880631650798	1.82563007809222
20.7742242647128	0	2.47726832982153	3.7456521904096
60.5362711408287	1	4.98514530714601	5.06208677310497
108.032350513503	1	3.72866708086804	9.135026789736
86.63994535305	0	9.34691370232031	0.766451810486615
39.4718580032186	1	5.23986077867448	1.09745523892343
66.0235743212173	0	3.17144671687856	7.54267222480848
28.5092286539859	1	2.77966029476374	3.04598775692284
125.219034111138	1	7.87540507735685	7.2380965645425
54.3282918148773	0	7.02462512534112	2.32330028899014
18.1987322596893	0	1.65027638664469	3.93458866979927
26.8430745295351	0	0.644575387705117	5.07879396900535
155.148363883659	1	7.54705621628091	9.39916865434498
37.968805827106	0	6.20410033036023	0.578751706052572
13.78000902337	0	1.69576766667888	3.04765704553574
13.9803413624517	1	0.622140523046255	2.40924044046551
16.7237526410196	0	1.09029268613085	3.85203435085714
81.6579839709541	1	3.81716351723298	7.62983355671167
76.65031987056	0	1.69310914585367	8.64646998699754
65.2611653321767	1	2.98652542056516	6.79111215053126
50.7216758073054	0	1.92209535045549	6.76762705435976
9.64489841402858	0	2.57170021301135	1.65052519412711
68.3684412521869	0	1.81231822818518	8.02867429330945
83.8969330459672	1	4.77313709678128	7.11993431439623
156.295386618156	1	7.70737042883411	9.28703089011833
10.3772107101569	1	0.277871224097908	0.0749460491351783
74.0859513722473	1	5.27310776989907	5.96331653418019
93.0887291450016	0	8.80319068906829	3.66745680803433
79.3365935515297	1	3.73063371982425	7.41967155365273
58.4775212377925	0	0.479591316543519	7.62087390525267
8.6115474346011	0	1.38628246728331	2.60722959181294
17.0169432021786	0	3.21492120390758	2.54935881355777
49.6256954923884	0	1.54831611318514	6.78840809967369
37.5925122564696	1	1.32228172151372	4.85480662435293
19.6382001682801	0	2.21305927727371	3.78584530204535
6.54766306080944	0	2.26380796171725	0.555479826871306
90.4247940616096	1	1.3141653384082	8.99025898426771
169.830595277726	1	9.81563460314646	8.01723313750699
45.1199712695133	1	3.27013726811856	4.81013050070032
29.441564713229	0	5.06939497077838	0.321287591941655
83.2203734083297	1	6.8144251476042	5.1200681226328
25.5713573613835	1	0.991691031958908	3.73101272154599
26.7169622828431	0	1.18902558228001	4.98571684816852
15.7899035375598	0	0.504396595060825	3.99265736807138
87.030445330133	0	9.29253919748589	0.209469445981085
82.5650266476333	1	6.73712232848629	5.24289028486237
13.6783294322102	1	0.948578554671258	1.603988497518
37.8182918454695	1	4.92596120806411	2.05114235170186
125.256467149598	1	4.61551840649918	9.75226715672761
117.990409890847	1	3.75216530868784	9.66354875126854
167.392374892271	1	9.91099219536409	7.60070322314277
2.77079258329534	0	1.76350713707507	0.763705321587622
102.705809429378	1	8.13435208518058	5.15823876019567
35.952768582364	0	0.684466371312737	6.00305194500834
46.5490359059503	1	4.0044974675402	4.37024090904742
1.4651663598535	0	1.41144325723872	0.0164226116612554
24.0492289465332	0	1.93309862399474	4.35551518108696
106.506873187964	1	8.41351716779172	5.00963768921793
96.8605420998486	0	7.19913988374174	6.69604706112295
65.9225154120531	1	2.67212083097547	6.94857106776908
95.9982435311767	1	4.95001644827425	7.82510314369574
2.45584801236047	0	0.831138978246599	1.39022845542058
16.3447992693821	0	3.53884240612388	1.63245677249506
160.481644472471	1	9.69208805356175	7.59542910149321
69.666377585009	1	6.24714189674705	4.43703617434949
92.5841013592974	1	6.64618249749765	6.29668830428272
11.5919955832248	0	3.12489656498656	1.04512860300019
95.5636911777406	1	4.05689612729475	8.35548897273839
119.171573572663	1	9.96077371528372	3.33949361927807
87.027283937688	1	8.55082356370986	1.99519188608974
148.315566810534	1	9.53548396006227	6.94545476464555
69.859925051911	0	8.12305092345923	1.65878762723878
60.9002191082576	0	7.82182115828618	0.739639038220048
5.53428966840698	0	2.67878128914163	0.382361884694546
137.970926862644	1	7.62151529546827	8.46020216587931
121.712597250811	1	9.86311589134857	3.73548197327182
96.2602375834802	1	2.93605549028143	8.80710697267205
28.7062920054969	1	3.99351106956601	0.90317772468552
101.053324636184	1	8.12131523853168	4.95907411212102
67.2370554421785	1	0.771516691893339	7.54322736058384
58.6754331404065	1	3.63696809858084	6.05890813050792
57.5576071952044	1	4.42592467181385	5.2841279655695
86.0637301299845	0	1.56714132521302	9.1020668274723
140.168413698059	1	5.82205270184204	9.8572890390642
101.908827655498	0	9.70162178855389	2.79742561979219
97.3997744823928	0	9.8949983343482	1.23491694685072
5.85310813632792	0	1.76452036481351	1.7437904397957
116.776178179881	1	5.42130424408242	8.81335254758596
25.8346580562924	1	3.84303892031312	1.24628272140399
56.04884346795	0	6.76164050819352	2.98968904651701
11.1969103550723	0	2.6929377974011	1.64734639925882
21.4335218224892	0	4.69250942347571	0.726095444988459
7.83959562149632	0	1.71800082316622	2.38413982093334
76.622593815775	1	3.6918946239166	7.16666605323553
105.095857528433	1	7.25405272562057	6.45020991796628
22.6054840235504	0	4.86149104312062	0.758749665692449
4.18126331819321	0	0.638024667277932	1.72708922065794
63.7414205428202	0	7.84546229988337	1.45670357858762
42.7557682240901	1	4.18321635806933	3.91901184339076
111.777431852456	1	9.81018084799871	2.31745099416003
49.9736712379164	1	2.82883955864236	5.61379822902381
115.43842000994	1	8.47882149508223	5.83520186599344
0.822255030989658	0	0.822392308618873	0.98759338259697
90.3977252384408	1	8.86458750581369	1.5891654137522
117.645809796106	1	4.71930730855092	9.22065404010937
74.0622384705303	0	1.09100963454694	8.59449719078839
103.176026317048	1	3.33277984522283	9.07198753440753
70.0211225027538	0	8.37416569236666	1.15268956404179
6.92803926737601	0	2.76849841699004	0.355392340570688
78.0744239939742	1	5.87035141419619	5.85754387546331
79.2266263886462	0	8.36732269730419	3.14168264856562
38.523752889841	1	0.711540239863098	5.56889274157584
72.0584819112997	1	7.02778743347153	3.54495415464044
61.0949134946365	1	6.9882453721948	1.43268311629072
66.034798640492	1	4.6396238100715	5.67135462770239
30.5051401640158	0	4.36931110452861	3.34098657825962
42.2516973656749	1	5.62176787760109	1.20401190593839
93.6219212927969	0	9.28483226336539	2.55854324204847
18.5196861182884	0	2.30466414242983	3.53385316440836
84.0235506981075	1	2.21813754411414	8.31319929333404
89.5141872545514	1	4.20215893303975	7.83223916543648
109.06484586461	1	3.33520805696025	9.40152207389474
154.00367894959	1	8.64807550329715	8.39199031703174
16.1303977643431	1	1.77194535732269	1.48985019186512
69.3151694217605	1	4.9331872863695	5.90676085092127
96.257876895886	1	4.29713366786018	8.23962600668892
80.4515551858811	1	5.64263842999935	6.31885365350172
74.3426987077461	1	6.56162315513939	4.69929961487651
112.933871653746	1	9.7855406277813	2.58740903576836
6.02637677593022	0	2.32161148451269	0.245803508441895
16.5584015026883	0	2.40811596158892	3.28808127669618
67.9203462467318	0	7.96836083987728	2.24853484425694
157.086179628227	1	8.31671715015545	8.77331839408726
48.7226073901488	0	1.13507706439123	6.7765420069918
130.58454485659	1	9.63312016334385	5.2593330363743
43.2817605716314	1	1.47322899661958	5.57686663931236
7.75708344665366	0	1.43626942764968	2.47471673414111
95.9935840746193	1	9.25229935208336	0.0729677081108093
116.583893587202	0	5.07035602582619	9.48906435165554
63.777216544652	1	1.5485101705417	7.19150138553232
20.0455051116018	0	3.48302052123472	2.79324544593692
109.792402225	1	6.59821025794372	7.43782856035978
86.3369019303314	0	3.11772374436259	8.70748400921002
35.8477967639713	1	3.51573409279808	3.80370125174522
63.2755630988599	1	1.47845706902444	7.19447515904903
58.7787790157495	1	6.58877609064803	2.39606710383669
56.3803762232544	1	1.85069964500144	6.47764874156564
196.379249662364	1	9.54378136899322	9.75670760730281
106.38444507035	1	8.97848492022604	3.77998807933182
121.159438944168	1	9.43697054404765	4.64144128607586
128.497808514567	1	7.2369075124152	8.12296295771375
38.5302848276728	0	3.70357065927237	4.94408113183454
59.7842552314403	0	7.81017540255561	0.503090226557106
12.4105093278204	1	0.11149508645758	1.30621740594506
90.3568986088632	0	9.40308712190017	1.61438316106796
100.63821824629	0	9.93749226210639	0.894531598314643
38.3432848372909	1	3.574057451915	4.03614088194445
55.8093776924399	0	7.47635063482448	0.638598678633571
104.232688869083	1	7.92909023817629	5.62005922431126
60.7970623595659	0	7.05859006382525	3.36524107959121
63.6979821897929	1	4.75825038738549	5.40642281062901
119.045848399941	1	4.94654526002705	9.13231221958995
34.1009921555756	1	3.08052448788658	3.8688075914979
151.44929950932	1	6.95012246258557	9.60267164045945
91.4119205203866	1	8.22793305618688	3.84686591336504
117.679177898584	1	4.34717640746385	9.41601979313418
83.2932206665378	1	5.14732652809471	6.80635657161474
133.737287826133	1	6.63010967662558	9.02642353670672
10.5338612365075	0	1.43166586523876	2.53797065699473
29.6872206722313	0	3.44487393740565	4.06097129452974
16.2650421291746	0	4.05763582326472	0.142486135009676
0.907620864249495	0	0.853110058233142	1.1044779419899
120.152300601671	1	9.32571928249672	5.01537791918963
93.6799526873379	1	8.38384066708386	3.71526648057625
153.116084364004	1	8.79433296155185	8.05915554286912
87.0115459507875	0	9.35712467646226	0.0792284356430173
71.4215567531073	0	0.724606334697455	8.36512059206143
30.7361040756969	0	3.78759440500289	3.7683917931281
53.7776852652306	1	5.37864922778681	3.85248533217236
92.3864152544281	0	1.05050138663501	9.51530575519428
86.9342724980195	0	8.01687705563381	4.75674239452928
94.9427290510783	1	7.39641745807603	5.52093794336542
87.5618275821453	0	0.52149013383314	9.34716325020418
108.924016070195	1	4.82169573195279	8.6343625606969
103.071613773835	1	9.20517840655521	2.59914484340698
47.6259442677309	0	0.415284289047122	6.87699834583327
39.1964195584722	1	2.93991799000651	4.47907246183604
39.8568076925091	1	5.00850487267599	2.1801627590321
95.5924212048583	1	6.09748935094103	6.8623681506142
109.954373802743	1	2.64249049592763	9.59382025292143
35.7065279570242	1	4.23098609549925	2.59404480922967
36.3168612158112	0	3.66563616320491	4.68759991927072
96.3615779102125	0	9.42505322396755	3.21339557645842
14.9506188055706	1	1.23723565135151	1.64642814546824
60.3046222936589	1	0.700326792430133	7.14727725367993
129.954555326925	1	9.64317037956789	5.2816575136967
36.4642248902411	1	4.42510108230636	2.34714680118486
14.1797843008146	0	3.70272380299866	0.644316615071148
48.8109272602291	0	1.70243580127135	6.7576349619776
65.4047302561219	0	0.541904293932021	8.06145361857489
44.071880792106	0	6.57828069292009	1.15471235243604
90.7765296972929	1	5.78161916695535	6.92014421336353
98.8721620830919	0	9.87101763952523	0.217862285207957
59.70607244819	1	6.03792401496321	3.61376708606258
55.5423058007425	0	0.649499187711626	7.32280049938709
12.1263716725119	0	1.6210908186622	3.12623041914776
43.17797942474	0	4.75397920468822	4.47153053246439
68.6386976131823	0	0.0193283474072814	8.25439068023115
40.2750999601702	1	4.41459143068641	3.31795465201139
8.06588007136591	0	2.60929737240076	1.44025167217478
98.9876493587179	0	9.38413745490834	3.0092075210996
53.0584104010747	0	7.15833283727989	1.62601796910167
74.0816531070037	0	1.63085478357971	8.39471578365192
77.7066870757922	1	4.76188018452376	6.64307477185503
48.4747650350526	0	6.90256722969934	1.38867305591702
41.7908552189598	1	4.60895179538056	3.25881813885644
169.56200645159	1	9.5514673832804	8.31430218880996
126.882960950303	1	7.12540122447535	8.22539104381576
30.1008819448945	1	3.97147933254018	1.49399920366704
20.1068779173736	0	1.17720612091944	4.21279689529911
25.0033704635706	0	2.4011627305299	4.45182651514187
162.843930827661	1	8.63630566513166	8.83927375776693
44.6485726055028	1	4.35976401669905	4.14997326675802
71.4443866880306	0	4.97868051985279	6.89892161870375
110.621641685798	1	6.91927672130987	7.1692087710835
57.2339349296882	0	7.60313281789422	0.123791699297726
2.11412929093868	0	1.55401222640648	0.378294484689832
73.0436023080149	0	8.49457093048841	0.908774142153561
117.051579672129	1	9.46817819029093	3.98823967436329
126.476919601696	1	5.88419190375134	9.00214575929567
45.5590860136081	0	5.02250815276057	4.44902628427371
61.403908612431	0	1.89779917709529	7.5515309209004
50.751499247859	0	0.0183685822412372	7.11470239562914
87.8501575648385	1	8.77578062238172	1.66756350314245
88.0277446140249	1	1.34111337829381	8.69142389157787
1.25974592048845	0	0.227412241511047	0.891845354344696
90.4515066624911	0	9.39136706059799	1.6301366337575
90.5718771433762	1	2.92948722839355	8.49353688303381
43.2502826052025	0	1.64326574420556	6.28130341181532
31.4904402560561	1	3.99102555820718	2.08459950983524
76.2232898792845	1	4.59575412096456	6.72860826831311
120.473579204123	1	4.34030848555267	9.64205690892413
114.617817091475	1	5.17009826377034	8.8173885201104
172.820907642323	1	8.46245752647519	9.61764686973765
20.9863596567065	0	0.551642864011228	4.64693185640499
32.0923759066463	0	5.54177061188966	0.728773572482169
133.135819232466	1	6.88275237567723	8.74308753525838
56.7856556535512	1	6.58057553693652	1.98872806271538
83.608395194125	1	6.63342725252733	5.3458975860849
23.9538039164773	0	4.72234202548862	1.05562190990895
108.561729419049	0	9.69528166111559	3.83995017269626
80.7494358087191	1	4.02197062736377	7.47705924557522
129.660633323986	1	8.49552103783935	6.95790997939184
67.1447505452813	1	7.56644907407463	0.983917720150203
74.3124028226097	1	5.32601219369099	6.11531793372706
74.6577771794791	0	8.74149660812691	0.209252538625151
73.9168695082742	1	4.67115115607157	6.49712249170989
94.5188301433654	0	0.0812845537438989	9.78378070285544
133.949157937627	1	7.2776700463146	8.42504459200427
133.366207000279	1	7.16589478775859	8.42785842018202
18.289581444057	0	1.87426371034235	3.87452162569389
112.927768608188	1	6.46067276829854	7.9307110211812
56.1671172230273	1	5.41979279834777	4.06196559080854
26.5135660792178	1	3.35320759797469	2.53348905127496
60.1285819412042	0	6.37908723205328	4.19303989037871
103.344573939921	1	8.29201063839719	4.95499532902613
133.256409034282	1	7.08975198445842	8.58245956944302
74.9542294663602	1	3.48550350870937	7.32264853548259
95.4621436719731	0	1.28327874932438	9.7442849050276
15.2653338626472	0	3.8807848887518	1.00054909707978
163.745753798685	1	9.2817754833959	8.32590837031603
94.0687713861618	1	8.04390771314502	4.50554177863523
141.188812978611	1	7.58696807082742	8.5045913583599
133.504433485327	1	9.57249888917431	5.69751543691382
201.798173410694	1	9.93913878686726	9.61542513919994
137.737020915059	1	6.06440994655713	9.54750733915716
17.4512573149326	1	0.293771654833108	2.83779508899897
63.0490675688505	0	3.36445357883349	7.39606497809291
9.3383415653899	0	2.77658086735755	0.707425756845623
83.7070465580691	0	1.17197550134733	9.00119546800852
1.48427873776642	0	0.432182590011507	1.3342057261616
53.7614374746154	1	3.70309785706922	5.55886077694595
56.1010052322089	1	3.3687830879353	6.00408032536507
4.82460325310031	0	1.73652553465217	1.32961038965732
75.1363648112154	1	6.21773279504851	5.09312337264419
39.3239843236899	1	3.97843627491966	3.6704990756698
91.1744099077337	0	9.55675768665969	0.0330454739741981
42.6246707655623	0	6.53349443105981	0.479798603337258
99.2561519480312	1	3.28743716701865	8.82048450177535
82.1904329919821	1	1.97146713500842	8.23517040116712
18.3673376023367	0	1.15342324832454	4.13030900992453
194.150965795888	1	9.95965478708968	9.21733218012378
48.763299273768	1	3.79276725230739	4.77402933407575
63.1518076223179	1	5.61988092726097	4.74994423566386
107.022421002369	1	7.32718017650768	6.57836067024618
78.1569291035779	0	8.70805552927777	1.63320453837514
33.6936789944183	0	5.72170259663835	0.951943711843342
75.5282164143888	0	0.110360709950328	8.61514792311937
98.4360147922378	1	9.06315261265263	2.39879169734195
99.4029178826678	1	7.70653631538153	5.55404131999239
87.2661939686629	0	3.82504623383284	8.49406595109031
14.8353670430571	0	0.940458888653666	3.49647580645978
95.5555613242665	0	0.496535839047283	9.75738595239818
151.910930263508	1	8.21162318112329	8.69405530160293
135.540366661645	1	8.29324304359034	7.54124050959945
57.9207314819449	1	6.54732875758782	2.23673420026898
60.7566645742063	0	1.32827813038602	7.69816465443
88.0262322430645	0	3.41809901176021	8.74713584315032
54.3470912607217	0	7.31371578993276	0.437931080814451
95.3345708554961	1	9.07291416078806	1.99760707095265
130.795291117927	1	6.96196999400854	8.53742358274758
57.0966981997668	1	2.41579222260043	6.52254128362983
129.047865928207	1	6.44107228610665	8.69332019239664
75.1326867254778	0	2.80750213656574	8.13636587467045
114.369116052578	1	9.57636520732194	3.6144763790071
13.139367635806	1	1.58395956736058	0.908958460204303
60.1303997048397	1	4.18338991701603	5.74655290460214
49.5760783143312	0	2.52009797375649	6.54730413574725
68.960886499526	0	0.943902677390724	8.22204776341096
98.6342793767327	1	8.27717769658193	4.55575515050441
134.113241257347	1	5.25305503746495	9.84328898368403
110.165870114445	1	6.67747627478093	7.50398378120735
18.9222191247522	0	4.08277759794146	1.3355568703264
75.3726334983785	0	8.42589903390035	2.1517351269722
135.804595869496	1	7.37305467948318	8.48379537696019
45.2504065894693	1	3.48224401008338	4.65341185452417
184.037477094931	1	9.48938177432865	9.15767790284008
136.704821497733	1	6.46679189987481	9.16557738324627
66.3362151346692	0	0.3527776687406	8.19854583824053
75.4698371151821	1	5.96448455704376	5.66901157610118
65.1457366085445	1	4.15318001527339	6.15477161249146
74.894233110774	1	0.768970381468534	7.94800289906561
57.141462201399	1	5.2804887923412	4.39696548506618
109.973014130942	0	9.62333308532834	4.12587253144011
92.4686851668376	1	7.08740051137283	5.65485285129398
42.9465837183999	1	5.53475703578442	1.51647832011804
80.1382085627878	1	2.42956608999521	8.07460845448077
96.7583617220328	1	7.78042529011145	4.95641366345808
45.683355119465	0	6.51940943440422	1.40509183052927
68.6585875145902	0	8.30245703924447	1.10289279138669
42.2389249910872	0	6.48550947429612	1.10791063401848
24.6643355098192	0	4.79835794307292	0.0471427943557501
28.9851763446792	0	4.95064105605707	2.38404355244711
89.0371287850119	0	3.79872591467574	8.78822879167274
30.8786256707234	1	4.50485437177122	0.772186573594809
68.5640786068279	0	8.14251750474796	1.38538560131565
86.5012918723695	0	9.28777225781232	0.475245749112219
1.41666473405045	0	1.47481045220047	0.339188734069467
150.177962853214	1	7.49821664998308	9.16089018341154
177.337253949702	1	9.75657349685207	8.40200393926352
99.1429663023931	0	9.74792463472113	1.788714164868
46.9901920754768	1	3.50625570164993	4.95267945108935
25.6353264360862	0	3.93949056975543	3.06958527071401
106.213210187201	1	9.50951009057462	2.74376961868256
3.19008607644341	0	1.06648319633678	1.28243855433539
115.674864104996	1	9.34760116506368	4.29381913272664
69.9585212212905	1	3.46162099856883	6.95944963721558
50.6259262373588	1	5.3306060587056	3.35060718469322
88.8918112143839	1	5.38794299354777	7.01246433425695
130.621464686305	1	7.14717949740589	8.40534914750606
104.912105683652	1	4.05790500110015	8.82632006658241
71.8805227535479	1	1.52788141276687	7.66589350067079
21.1378480154243	0	3.40232761343941	3.22027627611533
39.36074552802	0	6.2665484752506	0.421170077752322
81.6076872275121	0	0.573726783040911	8.927099222783
123.754634395094	1	8.51667639799416	6.38105145189911
35.416828115071	0	2.12645345833153	5.54493116214871
87.2816522140639	0	5.39462027838454	7.66329948091879
2.27342156781287	0	1.36487586190924	0.968612944707274
66.3667309591249	0	3.24865140486509	7.48016487574205
126.25426714307	1	6.21076293755323	8.75217987690121
7.79267606014143	0	2.55982248578221	0.0766859552823007
138.097925206972	1	6.34875798830763	9.34916985454038
49.6168713849795	1	4.85672106966376	4.06965658068657
159.409813501039	1	9.38176916679367	7.88763389689848
178.766747579228	1	8.57501537073404	9.76127624511719
34.3083759777649	1	3.70883537689224	3.3340254588984
73.8926879416855	0	3.14201829954982	7.87214820971712
68.3282382590427	0	8.28534359810874	0.893609160557389
19.2534939003365	0	4.51841513160616	0.436999020166695
36.9448949111751	0	3.15878412220627	5.14933738159016
2.22113676857025	0	0.978085375390947	0.480893275234848
1.02091718740964	0	0.649005365557969	0.891961276065558
104.32106779354	1	6.89457366475835	6.88325521536171
43.648333535845	0	6.68050603941083	0.348385337274522
109.906194012215	1	9.0454664779827	4.30910924449563
78.4256739638848	1	3.01693270448595	7.59294051211327
166.88782262028	1	9.32808704674244	8.31796954618767
19.4555870281249	0	2.01983017381281	3.82462516892701
110.97927384492	1	7.92378755984828	6.15554818883538
16.2149501345986	0	2.24630508804694	3.44986650394276
28.9075612395797	0	0.307565710972995	5.32278774073347
90.7606359358058	1	8.62034041201696	2.60009106947109
90.5787505113354	1	6.85107505181804	5.72860622312874
181.981226909836	1	9.42074909573421	9.05846678419039
89.6921951849798	1	6.75853760447353	5.66021878505126
70.9137918165381	0	8.43120148405433	0.564868177752942
24.2106300773877	1	3.61894184956327	1.02113745408133
25.0747268597007	0	3.92365885199979	3.28341855900362
140.641617993948	1	5.67687397589907	9.90600507240742
52.5207025957937	0	0.951521336100996	7.14365339372307
3.8655599663003	0	1.93784071598202	0.789741838816553
83.194974025438	1	5.88066393043846	6.14216449437663
90.8213118642745	1	7.51504168147221	4.93233672808856
83.0205718995537	0	8.67238787235692	2.69097654847428
22.7483881170468	0	3.71795737184584	2.93110862839967
97.5290547782598	1	7.98814549576491	4.75278300233185
102.773617585532	1	0.583143925759941	9.64078546268865
64.5055692471276	1	6.23435709392652	4.2363210208714
94.2440074804638	1	3.56641406659037	8.44097095774487
134.922412121897	1	5.87927932385355	9.53827351331711
101.595436409161	1	9.13784642005339	2.8647352475673
43.1154209241395	1	1.99442182900384	5.4084939789027
56.2370167415447	1	3.69083623867482	5.81378317903727
61.4716270901866	1	6.71408327762038	2.56286894436926
145.5864868551	1	7.68144550733268	8.78083968302235
114.898981354035	1	5.22248276043683	8.82302387617528
175.500923636378	1	8.28075018012896	9.87334684701636
38.3772105521152	1	5.2709619468078	1.01620901143178
72.8964202554979	1	5.01754825003445	6.18775002192706
79.1204504534448	1	4.19973319862038	7.0473376987502
13.5826638239165	0	3.62298283260316	1.48588430834934
91.1815435137053	1	1.23428910272196	8.90810591634363
12.7432240203891	0	2.98161529470235	1.62670300109312
10.1177809628906	0	2.76676489738747	1.21866469504312
165.459985520531	1	7.70225355634466	9.77556857280433
108.870986043772	1	7.7818130212836	6.271102654282
2.59113635588422	0	1.43787280656397	0.191994300112128
105.839444811172	1	5.15526150586084	8.29164144583046
144.885353775918	1	5.97240485483781	9.98877475271001
110.464055415489	1	5.05843024002388	8.68095516227186
42.1340588617995	1	3.86099633062258	3.9691107487306
117.405049145153	1	4.26098100841045	9.36241782503203
11.5755981192252	0	0.117597347125411	3.24772896012291
189.044227180556	1	9.19331770390272	9.72447561565787
43.2745308675101	1	0.794396931305528	5.62598453834653
67.43879378249	1	5.07374254753813	5.79329037806019
144.842232912064	1	8.20171616971493	8.24690353590995
41.8676046227167	0	5.983954181429	1.98444477515295
66.6886223729238	1	4.24153526080772	6.18989635026082
46.0239898413118	1	5.59310270706192	2.24564614938572
60.2380484697462	0	7.89094472071156	0.252237301319838
70.8526375938049	1	1.67715257965028	7.56505124736577
146.361741475316	1	9.70451730070636	6.38156944653019
21.904179083778	0	4.73503098357469	0.578689130488783
141.437253021638	1	9.29743205895647	6.73797813244164
140.933245396917	1	9.00939270388335	6.91544770728797
122.403991504964	1	7.50882187858224	7.45228959713131
49.5066631539167	0	6.76568772410974	1.24061870621517
43.1949535246982	0	6.48013445781544	1.5117178671062
3.17831210474349	0	0.732468697242439	1.77430625306442
18.0439590829572	0	4.23558418406174	0.0886946776881814
78.5440440702916	1	5.30824364162982	6.33788643172011
112.308812864887	1	9.42704762332141	3.72750885086134
67.5186280801416	1	7.1222455939278	2.77720049023628
56.8601826090338	0	7.24490575492382	1.72508500749245
35.0482521626682	1	4.70128617715091	2.03711141366512
7.19738927574914	0	1.20282255811617	2.21870881738141
69.4547048028504	0	7.83097670879215	2.53431504592299
21.3123462986996	0	4.38157397089526	1.70097689377144
113.680644590489	1	4.31455979822204	9.21676764031872
21.5334386697307	1	0.274978789966553	3.45313458470628
4.77227166033243	0	1.46561842877418	0.851092091761529
40.8419011136098	1	4.22595157986507	3.77817805157974
99.3328979978011	1	7.67137174261734	5.4334351955913
60.5769368716266	0	0.047664453741163	7.87010926054791
57.5554014187531	1	6.03595691500232	3.20313527714461
163.649301289302	1	9.0557726053521	8.38038518326357
159.618368207046	1	7.06661531934515	9.98470485210419
21.6506311143719	1	2.625371592585	2.13442992419004
98.7698805385343	1	8.51076219463721	4.37296491349116
26.9636060735315	0	3.33605515072122	3.78729996271431
137.506745416224	1	5.78284267568961	9.65576708549634
72.0208266830088	1	4.32773130247369	6.41116502229124
74.1055318188373	1	0.515953230205923	8.06135333841667
147.960064697202	1	7.29803287889808	9.19062188826501
29.9305224302928	0	5.48170414287597	0.586224480066448
90.6268464987119	1	7.51221985556185	4.77642855606973
58.5760804278892	1	0.507711647078395	6.96882788324729
61.3120975172216	1	7.14966212399304	0.446715094149113
75.1820418356905	1	2.97694456763566	7.56854316918179
46.1976839253681	0	2.8347720974125	5.91673724818975
92.3448269678752	0	8.29877127427608	5.10140463011339
21.2231138997857	0	0.863953751977533	4.52601766446605
1.38567668060471	0	0.426571189891547	0.254819660913199
106.158674530701	0	3.48740808898583	9.61843609344214
136.269833476785	1	5.42336010141298	9.87627439666539
89.0484379180771	1	6.09460863517597	6.34359558112919
34.9011553611319	1	2.71372098475695	4.25541346892715
11.878492095146	0	2.05230931984261	2.66625905176625
15.1860595072632	0	3.8163214828819	0.805694879963994
43.9451971589905	1	4.7255811537616	3.30141563434154
161.009037706009	1	8.35517949890345	8.94050102913752
20.5237138464728	1	1.21471496298909	3.06675198487937
70.8408340119362	1	6.75808124942705	4.0242384118028
68.0029941287645	1	4.96685219928622	5.73791397502646
127.572562806362	1	9.0223774779588	5.96988384379074
72.5180223621208	1	5.51263966830447	5.70017137564719
5.98206954397101	0	1.2856467650272	2.18071287963539
97.0014635148843	1	4.42009785678238	8.20126744452864
5.06301913874966	0	1.92297696368769	0.366557808592916
68.6598374279461	1	4.34900622116402	6.25582814915106
32.6626154531697	1	2.25133402971551	4.33478938182816
116.432840402093	1	9.61096282117069	3.5692613851279
90.3391764363733	1	4.48427465045825	7.73667640052736
75.0413356467027	1	7.7714498527348	1.73452047863975
27.6198835924749	0	1.58219774486497	4.93208973202854
137.920428464382	1	8.66808582562953	7.37188908504322
30.5756318072926	0	2.06145605770871	5.11001022765413
37.0231975983959	1	1.77949683042243	4.75086916005239
46.6744706765003	1	1.6489114635624	5.87899940554053
73.7528748466875	1	5.65268977312371	5.72537379339337
106.073376361713	1	7.27181021124125	6.54917740728706
161.310733260069	1	8.7591898906976	8.65125555777922
74.8670227049986	1	7.084243837744	3.96846375893801
122.448026860384	1	4.7746321093291	9.60116155678406
91.3417479140331	1	8.20279993582517	3.80877255229279
2.3681650944306	0	0.166122107766569	1.70088279992342
114.238836186344	1	9.96111101238057	2.31604878557846
140.397906738626	1	6.3489483576268	9.49920209357515
18.4592543939324	0	4.2847538087517	0.835081576369703
3.65001146790621	0	0.283929328434169	1.93044015904889
57.4931395489788	0	7.53332700580359	0.74695295188576
39.9442185490766	0	2.0863397535868	6.05016008019447
112.976795132062	1	9.99455405166373	2.15842896373942
127.101294691988	1	9.07249193172902	5.87987260660157
65.7467180599801	1	7.12465031770989	2.28897603228688
79.761441668024	1	7.30932883918285	3.90925179235637
46.6513804779688	1	4.72487921128049	3.47905913367867
168.726686942665	1	8.6251068697311	9.18379402486607
4.4593444693638	0	1.65415122406557	1.12039123661816
56.0507029492435	1	6.20427925605327	2.54976143594831
12.339701155992	0	2.9233139497228	1.86624069930986
87.5896306492851	1	4.56141733797267	7.45543522993103
86.8773338862943	0	0.456392089836299	9.32968782261014
36.4737282864963	1	1.77661752095446	4.94711893843487
40.3396160173697	0	0.579320678953081	6.44993681227788
89.741066011519	0	9.44410233525559	1.75802586833015
58.2494031190173	1	3.42743474291638	6.02994646178558
115.730969984555	1	5.17950570676476	8.87757665943354
73.2225030711757	1	6.25245335279033	4.90209404379129
4.20737285520922	0	2.3726485366933	0.183835725765675
31.3384008441972	0	5.16123914392665	1.7939079226926
75.0905969987798	0	8.06541827740148	2.99391138367355
27.4379119841624	1	3.48264734493569	2.76964061195031
74.8280718512851	0	8.58687452971935	0.616094244178385
13.3253134705134	0	0.34438761183992	3.5532134771347
138.337132101191	1	9.70997145865113	5.77037754002959
92.5640723155124	1	7.45110136223957	5.35031558480114
54.6886540160076	1	2.73255241801962	6.04272830300033
78.4353625154736	1	6.77106101531535	4.86148978350684
24.0984407278815	1	3.47947468049824	1.31626568036154
192.722639909839	1	9.47020521620288	9.6457004873082
75.4159722561027	1	3.38623774936423	7.42461576359347
13.9119356536714	0	0.317132039926946	3.66839384660125
14.7054440965285	0	3.5358579759486	1.50825294898823
32.9987715005475	1	3.87123587774113	2.26939673302695
78.979019549726	1	3.56947160093114	7.45116808917373
102.080659450769	1	9.59968606010079	0.50592377781868
59.8778251205432	1	3.83738204836845	5.93993296846747
41.6497275925521	1	5.46337621053681	1.53250648407266
152.524036642114	1	9.25323475850746	7.62780725024641
190.95106747849	1	9.16859527118504	9.95281064882874
8.86598443019772	0	2.4273299286142	1.73998110694811
101.298226270082	1	7.17090838821605	6.19130822597072
41.3268346924161	0	3.48946035839617	5.37983173970133
107.362833713097	1	5.542833507061	8.18258262239397
76.3437412300586	1	7.4297241307795	3.21746907196939
111.289585071756	1	8.19698318606243	5.82326936768368
77.866260377102	0	8.69657265022397	0.709323794580996
33.0491317912007	0	0.358651343267411	5.70644013117999
36.4326980801552	0	2.20024403417483	5.6067725061439
43.3585762463991	1	3.669732096605	4.34170939493924
112.200730392547	1	3.05696442024782	9.6194878523238
112.006865847447	1	7.27830457501113	7.11271684383973
54.7497890021998	0	6.99728766223416	2.58469532011077
180.48262950959	1	9.10060926806182	9.2567753768526
99.5161061960046	1	8.45602609682828	4.20811663148925
139.23742965404	1	7.78544640168548	8.16300745587796
72.4255931402817	0	4.00843428215012	7.54665047628805
60.801729966282	1	5.76804658863693	4.12143304478377
36.8129025250534	1	0.763594461604953	5.14416832011193
113.55965590117	1	8.72974850703031	5.42284718481824
195.173214586045	1	9.56285735592246	9.74024304188788
35.9183704334532	1	5.05531079834327	0.73637954890728
153.558613418209	1	9.24366363789886	7.6950380532071
76.8656812173603	0	1.34513532742858	8.72554909205064
104.86141454203	0	2.38737003179267	9.89865584531799
126.559444460364	1	4.89962622057647	9.65147644048557
75.3938462984218	1	4.74060096777976	6.36421318631619
20.3742490431827	0	4.34994159033522	0.653892939444631
2.4160580728194	0	0.392489600926638	1.28414754988626
76.290703626487	1	6.44331015180796	4.92784780450165
105.243235802823	1	7.15567200211808	6.63244860246778
16.4054136132254	0	3.51666721282527	1.89378713723272
103.28286948729	1	9.46556748822331	1.77598393289372
59.3963321382552	0	7.4310650723055	1.15560325561091
3.45372001748832	0	0.507859203498811	1.56952400226146
180.670356940866	1	9.8036478087306	8.574108495377
20.575657105158	0	2.17822452541441	4.2486053169705
75.9519603897376	0	0.361960020381957	8.78341671079397
82.1769102885221	1	2.607038654387	8.24826563941315
157.2592396307	1	7.20415785908699	9.78819616837427
45.8416235875535	0	2.47894181171432	6.34543015854433
63.0209258489907	1	2.34915791545063	6.91523276036605
62.5622869629926	0	0.21011842880398	7.92183339362964
6.82059293850282	0	2.64620627742261	0.341706455219537
126.769824874066	1	6.91801619483158	8.19993681041524
59.1024616056856	1	0.346693911124021	6.87636162620038
18.9640562425317	0	0.627861295361072	4.31776891928166
31.9968683399694	1	3.97706091869622	2.43875786894932
25.09413168762	0	4.90028424886987	0.0814770301803946
67.5074258187346	1	6.31048747571185	4.21106143388897
122.667984819071	1	7.23404312273487	7.86956907948479
48.0114221963735	1	0.767657924443483	5.95592122757807
125.963567142901	1	4.21446080552414	9.84963058726862
133.871505155809	1	9.737266858574	5.28043455909938
103.104176391078	1	8.13805783400312	5.23278417764232
66.6601475445047	0	2.23767722956836	7.86444804864004
24.9883908576597	0	4.89742305828258	0.877224092837423
6.01498836685471	0	0.113401929847896	2.56111980648711
29.2361449565043	1	2.58602296933532	3.5660412022844
25.2382310290176	0	4.54598771873862	2.4905545799993
57.5799684717382	0	7.40976688219234	1.75018487730995
132.687328970011	0	9.90660011768341	5.72922080755234
46.2855649995828	1	3.32204946083948	4.83393148286268
166.720361566542	1	9.44791405461729	8.09948969166726
159.539812448422	1	9.61853419896215	7.5051523395814
102.299518086132	1	8.99277499644086	3.47443797625601
98.4439377697519	1	4.92715835105628	8.06874484289438
68.6153918988536	0	7.84935477888212	2.5176422810182
109.006002383173	1	8.03119047079235	5.92963553965092
56.5390028947507	1	6.77767623681575	1.56215733382851
47.3540063840992	1	5.81277578603476	1.75159651553258
24.5953253832075	1	3.30668087350205	2.26377300918102
61.5534056697494	0	0.0131465657614172	7.91963252006099
15.839969005536	0	0.658019641414285	3.88376479735598
94.1789519447335	1	0.859519173391163	9.11222032504156
0.615906591919094	0	0.131097168195993	1.218470511958
119.356065143651	1	3.35745624266565	9.87835156964138
59.04774549035	0	1.19264316512272	7.5528792059049
55.3337707159304	1	5.93595445388928	3.10775833902881
1.02745445725014	0	0.373126757331192	0.198653580155224
44.0491460097298	0	0.0957179185934365	6.82283061323687
32.0493089612248	1	1.61596125923097	4.38736066687852
158.079327526401	1	8.31898988224566	8.83700705366209
59.6425339721557	0	7.66842754324898	0.742437855806202
38.1182826326618	1	2.72780316416174	4.5366955595091
91.066126633524	1	1.88163298880681	8.88036270625889
64.6679228811414	1	2.25761834764853	7.00159241678193
17.7578561804659	1	0.619703675620258	3.04615611210465
33.3513081268801	0	0.599002409726381	5.84890802390873
78.7131453493232	0	1.48155870381743	8.70453770039603
19.0551191240755	0	0.729878859128803	4.4652355927974
11.4535941008706	0	0.42885891860351	3.3737303968519
59.7391471693408	0	5.22461272310466	5.66908608656377
87.7765442644925	1	7.89231489412487	4.15764981647953
129.202921623218	1	6.9475334812887	8.3266066480428
1.34466619639385	0	0.6657604733482	1.53707588091493
43.6783561204098	0	0.179577465169132	6.58649043180048
17.6431546268957	0	4.42158423364162	0.0102681899443269
11.8274901551834	0	1.57602083170786	3.20450928527862
152.664786300268	1	7.18860115855932	9.50132880592719
48.6039324826499	0	7.03941832529381	0.125525095500052
78.8251970783935	0	8.85226304875687	0.790907654445618
24.6516889029848	1	3.25261015212163	2.13288370519876
202.289691592469	1	9.70881566638127	9.94843258988112
131.958066805691	1	9.84820266254246	4.9203958758153
41.1448888989158	0	0.391847176942974	6.27634118078277
79.7392175931058	0	8.93571288092062	0.0596133503131568
86.4481314948775	1	8.2239915127866	2.85853998735547
159.539804206207	1	7.24244692828506	9.86480417195708
65.7879907462749	0	2.88920137798414	7.57692324928939
24.9013827171091	0	5.01948604593053	0.682749908883125
92.9129888167827	1	4.28347001317888	8.10763978632167
39.7240589047631	0	6.10016016056761	1.22871407074854
112.869207117958	1	9.26113174064085	4.09918360644951
103.652087598702	1	2.40123257739469	9.27543645258993
48.9133640699171	1	2.71881833905354	5.54208239307627
51.6411874329995	0	7.35003646463156	0.142666143365204
160.988179991954	1	7.51545873004943	9.67365281190723
156.358534650775	1	9.30591920856386	7.70065532531589
24.5957744168785	0	4.62730274768546	0.799524132162333
98.6479011917381	1	8.60691176727414	3.65419848356396
41.7311308873926	1	3.12036419520155	4.80426545254886
49.3775265054148	0	2.08039013436064	6.75760691985488
156.955276573969	1	9.20827467227355	7.86447250749916
65.4221953883641	0	0.527368842158467	8.10058057308197
17.9459501769616	0	4.11155431065708	0.78677503624931
34.7292024080729	1	4.56341215176508	1.68914441019297
17.0451547826665	0	4.15860247565433	0.367327940184623
61.1898549134374	1	6.70353451743722	2.40142308874056
149.064450814405	1	7.56904080044478	9.12195181939751
83.5634539388536	0	9.11651314469054	0.0136347976513207
84.2912983206003	1	8.19952085847035	2.27300448110327
3.06957705536034	0	0.936498525552452	1.68262931751087
5.16925714779178	0	1.77906081313267	1.49762514978647
90.6745332172089	1	6.422145802062	6.48097161203623
111.235442942056	1	8.74282993841916	4.85572549281642
93.0085801961405	1	5.92313350411132	6.93244319409132
15.2624390606296	0	2.62432192219421	2.89669456658885
184.243308574794	1	8.83752264082432	9.78671659715474
22.2158240297695	1	1.87689346261322	2.88126329425722
61.1398977850492	1	4.88866982283071	5.25764521211386
1.96816267405804	0	0.098204871173948	0.778222696390003
69.1705898941331	1	3.60434043221176	6.78553835256025
23.2247647657267	0	4.42161690909415	1.81949716527015
41.2718852114523	1	1.25729221384972	5.29804455116391
112.878987955695	1	6.243645476643	8.01678828895092
27.6086289820728	1	3.02431331714615	3.13187195919454
54.4690026108047	0	2.39637228194624	6.91273411735892
70.7501565375684	0	3.58629763592035	7.73044522618875
95.9880950796743	1	8.9291041251272	2.61793632525951
153.989879286039	1	9.90627265069634	6.78760153008625
162.154173015253	1	7.32421197462827	9.92143295938149
141.14359266979	1	9.9278808827512	5.51487519871444
126.400019450045	1	5.3978936211206	9.30684473598376
23.6183240814677	0	4.33801761828363	2.0740434480831
109.621323335328	1	9.6467367419973	2.29959039483219
24.9979567467714	0	1.48319643223658	4.8398658935912
20.8050883495779	0	0.664930557832122	4.61059393826872
72.4867185815386	1	0.242514880374074	7.82721356954426
47.4134104683722	1	6.1242324183695	0.00605266075581312
112.967972474727	1	6.96608748054132	7.50623380066827
142.701204421428	1	8.01141887204722	8.30732437549159
23.662454194221	1	1.37730283895507	3.14671236323193
63.0394320597744	1	1.5978482272476	7.12033160030842
102.626428551762	0	9.88833592971787	2.5171154923737
24.0553818892283	0	3.98645695531741	3.09347498230636
50.4701645106691	0	1.87911816174164	6.95954847149551
48.0975367514155	1	4.77728241123259	4.23095647012815
113.077652530293	1	5.44234022730961	8.52890213020146
48.7224813987534	1	3.28157980693504	5.34399916650727
139.665393654163	1	9.99930593650788	5.4817751632072
108.816160236174	1	5.27781835990027	8.45543978502974
27.8157711150847	1	1.33734508184716	3.77029079943895
30.7924803508703	1	4.38540067756549	1.66043678531423
49.4282254999174	1	6.20793939800933	1.89248028676957
88.0861034758281	1	2.02912412118167	8.56867816066369
14.1145228328747	0	1.34169772733003	3.37503234623
130.227224763613	1	7.76833998039365	7.75028235046193
41.954074523253	0	6.35949848685414	0.690702020656317
12.9666168675058	0	2.82136296620592	2.40949265658855
10.5575242223406	0	1.91259456099942	2.4280183785595
30.9588455580706	1	2.65536719933152	3.87112989090383
